>> centroid1('apple')

ans =

  299.3567   36.1389
  201.2441   59.2207
  418.7965  148.1597
  287.5883  161.4418
  175.9445  184.4902
  176.0630  461.1911
  298.6333  466.7226
  383.6635  539.9577

>> centroid1('banana')

ans =

  227.2263   99.3108
  242.3035  262.0122
   76.8940  241.2440
  297.6278  293.5087
  160.2507  389.4048
   61.9554  491.2378
  232.1099  575.9033

>> centroid1('orange')

ans =

  165.8371   47.7669
  199.9871  133.1239
  357.5691  190.3717
  179.8290  280.9192
  333.2355  277.6628
  304.6516  325.1719
  242.8631  424.1327
  362.9017  456.0160

>> size1('apple')

ans =

        5657
         639
        5542
        3619
        3874
        2365
        3079
        4583

>> size1('banana')

ans =

        5476
        4913
        5501
        1150
        5034
        4579
        5004

>> size1('orange')

ans =

        3886
        1162
        4651
        3912
        1210
        1309
        4018
        5067

>> 

>> keys(count1)

ans = 

    'apple'    'banana'    'orange'

>> values(count1)

ans = 

    [8]    [7]    [8]

>> 
